5.61653636812327548000e+01
5.81191784738285335266e+01
6.00738665933708091416e+01
6.19197646995711892259e+01
6.37024546238552247246e+01
6.54453971513592591691e+01
6.71758628613329875634e+01
6.88759258014204363008e+01
7.05463606058616079508e+01
7.22156452152755576890e+01
7.39325272682048648676e+01
7.57343471228540892071e+01
7.75950263495992516027e+01
7.94278440292648468812e+01
8.11510403594234901448e+01
8.27340231240850130234e+01
8.41909315262327595519e+01
8.55380792250649619746e+01
8.67715999523702379292e+01
8.78866527991833379474e+01
