2.05517363166451058351e+06
2.05426952630579727702e+06
2.05817210161104775034e+06
2.05869967674749344587e+06
2.05874355927705229260e+06
2.05866892718723160215e+06
2.05858732049440522678e+06
2.05858240372856240720e+06
2.05858455394774978049e+06
2.05859274500898481347e+06
2.05859456740463711321e+06
2.05859451274124509655e+06
2.05859404463853919879e+06
2.05859365338325221092e+06
2.05859387026579026133e+06
2.05859376901091611944e+06
2.05859407213388686068e+06
2.05859385584742086940e+06
2.05859381837441818789e+06
2.05859388417941029184e+06
