0.00000000000000000000e+00
2.50000000000000000000e+02
5.00000000000000000000e+02
7.50000000000000000000e+02
1.00000000000000000000e+03
1.25000000000000000000e+03
1.50000000000000000000e+03
1.75000000000000000000e+03
2.00000000000000000000e+03
2.25000000000000000000e+03
2.50000000000000000000e+03
2.75000000000000000000e+03
3.00000000000000000000e+03
3.25000000000000000000e+03
3.50000000000000000000e+03
3.75000000000000000000e+03
4.00000000000000000000e+03
4.25000000000000000000e+03
4.50000000000000000000e+03
4.75000000000000000000e+03
