5.45905479372530317050e+04
5.39254121792811347404e+04
5.39029035696940700291e+04
5.39039345631286341813e+04
5.39051044057178660296e+04
5.39062745328874298139e+04
5.39074446607086647418e+04
5.39086147898872804944e+04
5.39097849199307165691e+04
5.39109550504685103078e+04
5.39121251811639886000e+04
5.39132953117426077370e+04
5.39144654423762622173e+04
5.39156355732228184934e+04
5.39168057038290862693e+04
5.39179758341235210537e+04
5.39191459634656930575e+04
5.39203160905558979721e+04
5.39214862145160586806e+04
5.39226563386904672370e+04
