7.88931924016456491700e+01
3.42069590123245859559e+02
3.41814263117938821779e+02
3.41822400423123724522e+02
3.41831634670280948285e+02
3.41840885655283386768e+02
3.41850151090791825936e+02
3.41859430980434069625e+02
3.41868725319416228103e+02
3.41878034103714867342e+02
3.41887357329672965989e+02
3.41896694993852747757e+02
3.41906047096341922042e+02
3.41915413637167546312e+02
3.41924794611580011860e+02
3.41934190017690184504e+02
3.41943599849105908106e+02
3.41953024094092313589e+02
3.41962462744212814414e+02
3.41971915825104019859e+02
