1350  8.4435738e-09  0.0000000e+00  4.2867211e-06  9.3567352e-05  197.11
1400  8.1468033e-09  0.0000000e+00   4.1336060e-06  8.7469386e-05  212.13
1450  7.8706855e-09  0.0000000e+00   3.9910460e-06  8.1977788e-05  228.78
1500  7.6131309e-09  0.0000000e+00   3.8579740e-06  7.7014021e-05  244.74
1550  7.3723240e-09  0.0000000e+00   3.7335308e-06  7.2511514e-05  261.06
1600  7.1466775e-09  0.0000000e+00   3.6168419e-06  6.8414569e-05  279.07
1650  6.9348004e-09  0.0000000e+00   3.5072386e-06  6.4675165e-05  297.67
1700  6.7354666e-09  0.0000000e+00   3.4040915e-06  6.1252414e-05  315.12
1750  6.5475914e-09  0.0000000e+00   3.3068225e-06  5.8111304e-05  334.15
1800  6.3702128e-09  0.0000000e+00   3.2149862e-06  5.5221094e-05  357.40
1850  6.2024725e-09  0.0000000e+00   3.1281032e-06  5.2555706e-05  374.30
1900  6.0436043e-09  0.0000000e+00   3.0457941e-06  5.0092070e-05  393.86
1950  5.8929212e-09  0.0000000e+00   2.9677199e-06  4.7809985e-05  417.03
2000  5.7498050e-09  0.0000000e+00   2.8935386e-06  4.5692038e-05  436.63
100  1.6693285e-07  0.0000000e+00   6.1508436e-05  1.4785722e-02  1.20
100  0.0000000e+00  0.0000000e+00   2.7396731e-07  1.4646237e-02  0.00
100  0.0000000e+00  0.0000000e+00   2.7396731e-07  1.4646237e-02  0.00
100  1.6693285e-07  0.0000000e+00   6.1508436e-05  1.4785722e-02  1.15
100  1.6693285e-07  0.0000000e+00   6.1508436e-05  1.4785722e-02  1.16
100  1.6693285e-07  0.0000000e+00   6.1508386e-05  1.4785722e-02  1.15
100  1.6693285e-07  0.0000000e+00   6.1508386e-05  1.4785722e-02  1.17
100  5.5646221e-04  0.0000000e+00   6.1508417e-05  1.4785722e-02  1.16
100  1.6693285e-07  0.0000000e+00   6.1508436e-05  1.4785722e-02  1.14
